0.9995 0.0 0.0
0.9995 0.0 0.01
0.9995 0.0 0.02
0.9995 0.0 0.03
0.9995 0.0 0.04
0.9995 0.0 0.05
0.9995 0.0 0.06
0.9995 0.0 0.07
0.9995 0.0 0.08
0.9995 0.0 0.09
0.9995 0.0 0.1
0.9995 0.0 0.11
0.9995 0.0 0.12
0.9995 0.0 0.13
0.9995 0.0 0.14
0.9995 0.0 0.15
0.9995 0.0 0.16
0.9995 0.0 0.17
0.9995 0.0 0.18
0.9995 0.0 0.19
0.9995 0.0 0.2
0.9995 0.0 0.21
0.9995 0.0 0.22
0.9995 0.0 0.23
0.999 0.0005 0.24
0.998 0.0015 0.25
0.9965 0.003 0.26
0.9925 0.007 0.27
0.9885 0.011 0.28
0.9825 0.017 0.29
0.9745 0.025 0.3
0.967 0.033 0.31
0.955 0.045 0.32
0.9425 0.0575 0.33
0.9165 0.0835 0.34
0.896 0.104 0.35000000000000003
0.8795 0.1205 0.36
0.8615 0.1385 0.37
0.8325 0.1675 0.38
0.807 0.193 0.39
0.779 0.221 0.4
0.748 0.252 0.41000000000000003
0.7195 0.2805 0.42
0.6865 0.3135 0.43
0.657 0.343 0.44
0.6145 0.3855 0.45
0.58 0.42 0.46
0.555 0.445 0.47000000000000003
0.5265 0.4735 0.48
0.482 0.518 0.49
0.4415 0.5585 0.5
0.405 0.595 0.51
0.367 0.633 0.52
0.3295 0.6705 0.53
0.2935 0.7065 0.54
0.2615 0.7385 0.55
0.2245 0.7755 0.56
0.1935 0.8065 0.5700000000000001
0.1645 0.8355 0.58
0.144 0.856 0.59
0.1195 0.8805 0.6
0.0985 0.9015 0.61
0.0825 0.9175 0.62
0.0695 0.9305 0.63
0.057 0.943 0.64
0.0465 0.9535 0.65
0.0335 0.9665 0.66
0.0265 0.9735 0.67
0.0215 0.9785 0.68
0.016 0.984 0.6900000000000001
0.0135 0.9865 0.7000000000000001
0.01 0.99 0.71
0.008 0.992 0.72
0.006 0.994 0.73
0.003 0.997 0.74
0.003 0.997 0.75
0.003 0.997 0.76
0.0025 0.9975 0.77
0.002 0.998 0.78
0.0005 0.9995 0.79
0.0005 0.9995 0.8
0.0005 0.9995 0.81
0.0005 0.9995 0.8200000000000001
0.0005 0.9995 0.8300000000000001
0.0005 0.9995 0.84
0.0005 0.9995 0.85
0.0005 0.9995 0.86
0.0005 0.9995 0.87
0.0005 0.9995 0.88
0.0 1.0 0.89
0.0 1.0 0.9
0.0 1.0 0.91
0.0 1.0 0.92
0.0 1.0 0.93
0.0 1.0 0.9400000000000001
0.0 1.0 0.9500000000000001
0.0 1.0 0.96
0.0 1.0 0.97
0.0 1.0 0.98
0.0 1.0 0.99
