1.0 1.0 0.0
1.0 1.0 0.01
1.0 1.0 0.02
1.0 1.0 0.03
1.0 1.0 0.04
1.0 1.0 0.05
1.0 1.0 0.06
1.0 1.0 0.07
1.0 1.0 0.08
1.0 1.0 0.09
1.0 1.0 0.1
1.0 1.0 0.11
1.0 1.0 0.12
1.0 1.0 0.13
1.0 1.0 0.14
1.0 1.0 0.15
1.0 1.0 0.16
1.0 1.0 0.17
1.0 1.0 0.18
1.0 1.0 0.19
1.0 1.0 0.2
1.0 1.0 0.21
1.0 1.0 0.22
1.0 1.0 0.23
1.0 0.9994997498749375 0.24
1.0 0.9984992496248124 0.25
1.0 0.9969984992496248 0.26
1.0 0.9929964982491246 0.27
1.0 0.9889944972486243 0.28
1.0 0.9829914957478739 0.29
1.0 0.9749874937468734 0.3
0.0 0.9674837418709354 0.31
0.0 0.9554777388694348 0.32
0.0 0.9429714857428715 0.33
0.0 0.9169584792396198 0.34
0.0 0.896448224112056 0.35000000000000003
0.0 0.8799399699849925 0.36
0.0 0.8619309654827414 0.37
0.0 0.8329164582291145 0.38
0.0 0.8074037018509255 0.39
0.0 0.7793896948474237 0.4
0.0 0.7483741870935467 0.41000000000000003
0.0 0.7198599299649825 0.42
0.0 0.6868434217108554 0.43
0.0 0.6573286643321661 0.44
0.0 0.6148074037018509 0.45
0.0 0.5802901450725363 0.46
0.0 0.5552776388194097 0.47000000000000003
0.0 0.5267633816908455 0.48
0.0 0.4822411205602801 0.49
0.0 0.44172086043021513 0.5
0.0 0.40520260130065033 0.51
0.0 0.36718359179589793 0.52
0.0 0.3296648324162081 0.53
0.0 0.29364682341170584 0.54
0.0 0.26163081540770383 0.55
0.0 0.22461230615307654 0.56
0.0 0.1935967983991996 0.5700000000000001
0.0 0.1645822911455728 0.58
0.0 0.144072036018009 0.59
0.0 0.11955977988994497 0.6
0.0 0.09854927463731866 0.61
0.0 0.08254127063531766 0.62
0.0 0.06953476738369184 0.63
0.0 0.057028514257128564 0.64
0.0 0.04652326163081541 0.65
0.0 0.0335167583791896 0.66
0.0 0.026513256628314157 0.67
0.0 0.021510755377688845 0.68
0.0 0.016008004002001 0.6900000000000001
0.0 0.013506753376688344 0.7000000000000001
0.0 0.010005002501250625 0.71
0.0 0.0080040020010005 0.72
0.0 0.006003001500750375 0.73
0.0 0.0030015007503751876 0.74
0.0 0.0030015007503751876 0.75
0.0 0.0030015007503751876 0.76
0.0 0.0025012506253126563 0.77
0.0 0.002001000500250125 0.78
0.0 0.0005002501250625312 0.79
0.0 0.0005002501250625312 0.8
0.0 0.0005002501250625312 0.81
0.0 0.0005002501250625312 0.8200000000000001
0.0 0.0005002501250625312 0.8300000000000001
0.0 0.0005002501250625312 0.84
0.0 0.0005002501250625312 0.85
0.0 0.0005002501250625312 0.86
0.0 0.0005002501250625312 0.87
0.0 0.0005002501250625312 0.88
0.0 0.0 0.89
0.0 0.0 0.9
0.0 0.0 0.91
0.0 0.0 0.92
0.0 0.0 0.93
0.0 0.0 0.9400000000000001
0.0 0.0 0.9500000000000001
0.0 0.0 0.96
0.0 0.0 0.97
0.0 0.0 0.98
0.0 0.0 0.99
